% Exp5.9.2, Page 113. Li Zhen, Apr. 15th, 2014.

A = [-1 0 5 3 0;
    0.4 -1 0 0 0;
    0 0.6 -1 0 0;
    0 0 0.6 -1 0;
    0 0 0 0.4 -1];

H = [0 500 400 200 100]';

X = A \ H