% Exp5.9.3, Page 113. Li Zhen, Apr. 15th, 2014.

A = [-1 0 3 1 0;
    0.5 -1 0 0 0;
    0 0.7 -1 0 0;
    0 0 0.7 -1 0;
    0 0 0 0.7 -1];

H = [0 500 500 500 500]';

X = A \ H